A 0 0 1 1 1 0 0 1 0 0 0 1 0 0
B 1 1 0 1 1 0 0 0 1 0 1 0 0 0
C 1 0 0 0 0 0 0 0 1 0 1 0 0 1
D 1 1 0 0 0 0 0 0 1 0 1 0 0 0
E 1 0 0 1 0 0 0 0 0 0 1 0 0 1
F 1 0 0 1 0 0 0 0 0 0 0 0 0 0
G 1 0 0 1 0 0 0 0 1 0 0 0 0 1
H 0 0 1 1 0 0 1 1 0 0 1 1 0 0
I 0 0 0 0 0 1 0 0 0 0 1 1 0 1
J 0 0 0 0 0 1 0 0 1 0 0 0 0 1
K 1 0 0 0 0 0 1 1 0 1 1 0 0 0 
L 1 0 0 0 0 1 0 0 0 0 0 0 0 1
M 0 0 1 0 0 0 0 1 0 0 0 1 1 0
N 0 0 1 0 0 0 1 1 0 0 0 0 1 0
O 0 1 0 0 0 0 0 0 1 0 1 1 0 0 
P 1 0 0 1 1 0 0 0 1 0 0 0 0 0 
Q 0 1 0 0 0 0 0 0 1 0 0 0 0 0
R 1 0 0 1 1 0 0 1 1 1 0 0 0 0 
S 1 0 0 0 0 0 0 0 1 1 0 0 0 1
T 0 0 0 0 0 1 0 0 0 0 0 1 0 1 
U 0 0 1 0 0 0 1 0 1 0 0 1 0 0
V 0 0 0 0 0 0 1 0 0 1 0 1 1 0
W 0 0 1 0 0 0 1 0 0 0 0 1 1 0
X 0 0 0 0 0 0 1 1 0 1 1 1 1 0
Y 0 0 0 0 0 1 1 0 0 1 0 1 1 0
Z 0 0 0 0 0 0 0 0 0 1 0 0 0 1 